num_nodes=1200, feat_dim=500, nb_class=3, 
expected_hr=0.4, expected_avgdeg=20, P_e=0.4, P_i=0.9, scale=0.05, 
prob_link_exp=0.02, prob_link_imp=0.045, 
avg_deg=20.078333333333333, hom_ratio=0.40748734124678343, is_connected=True
